image: master29e.pgm
resolution: 0.100000
origin: [-2.250000, -2.2500000, 0.000000]
negate: 0
occupied_thresh: 0.65
free_thresh: 0.196

